37
89.8200	27.52181	1700	-9999	0	3.0	0.37	6.15	0.08	-9999	0	-9999	0	-9999	0	-9999	0	-9999	0	-1	-1	-1	-1	-1	-1	-1	-1	-1	-1	-1	-1	-1	-1	-1	-1	-1	-9999	0
89.7538	27.50177	2625	-9999	0	2.4	0.29	-9999	0	8.1	1	-9999	0	-9999	0	-9999	0	-9999	0	-1	-1	-1	-1	-1	-1	-1	-1	-1	-1	-1	-1	-1	-1	-1	-1	-1	-9999	0
89.41996	27.46156	2339	-9999	0	4.75	0.5	6.6	0.37	-9999	0	-9999	0	-9999	0	-9999	0	-9999	0	-1	-1	-1	-1	-1	-1	-1	-1	-1	-1	-1	-1	-1	-1	-1	-1	-1	-9999	0
89.41937	27.45803	2480	5.13	0.12	4.80	0.34	-9999	0	7.9	1.1	-9999	0	-9999	0	-9999	0	-9999	0	-1	-1	-1	-1	-1	-1	-1	-1	-1	-1	-1	-1	-1	-1	-1	-1	-1	-9999	0
89.47229	27.34339	2320	-9999	0	3.82	0.3	6.95	0.27	10.3	0.8	-9999	0	-9999	0	-9999	0	-9999	0	-1	-1	-1	-1	-1	-1	-1	-1	-1	-1	-1	-1	-1	-1	-1	-1	-1	-9999	0
89.72231	27.47863	2920	-9999	0	5.9	0.97	-9999	0	-9999	0	-9999	0	-9999	0	-9999	0	-9999	0	-1	-1	-1	-1	-1	-1	-1	-1	-1	-1	-1	-1	-1	-1	-1	-1	-1	-9999	0
89.695	27.44078	2640	4.96	0.4	5.03	0.33	-9999	0	-9999	0	-9999	0	-9999	0	-9999	0	-9999	0	-1	-1	-1	-1	-1	-1	-1	-1	-1	-1	-1	-1	-1	-1	-1	-1	-1	-9999	0
89.42762	27.38741	2500	-9999	0	4.03	0.66	7.18	1.01	9.3	1	-9999	0	-9999	0	-9999	0	-9999	0	-1	-1	-1	-1	-1	-1	-1	-1	-1	-1	-1	-1	-1	-1	-1	-1	-1	-9999	0
89.345150	27.37700	3675	-9999	0	-9999	0	-9999	0	13.5	1.6	-9999	0	-9999	0	-9999	0	-9999	0	-1	-1	-1	-1	-1	-1	-1	-1	-1	-1	-1	-1	-1	-1	-1	-1	-1	-9999	0
89.34159	27.37169	3970	-9999	0	3.32	0.6	-9999	0	-9999	0	-9999	0	-9999	0	-9999	0	-9999	0	-1	-1	-1	-1	-1	-1	-1	-1	-1	-1	-1	-1	-1	-1	-1	-1	-1	-9999	0
89.55313	27.07518	2230	6.32	0.54	6.89	0.52	-9999	0	-9999	0	-9999	0	-9999	0	-9999	0	-9999	0	-1	-1	-1	-1	-1	-1	-1	-1	-1	-1	-1	-1	-1	-1	-1	-1	-1	-9999	0
89.54089	27.15421	2470	6.54	0.42	5.92	0.51	-9999	0	-9999	0	-9999	0	-9999	0	-9999	0	-9999	0	-1	-1	-1	-1	-1	-1	-1	-1	-1	-1	-1	-1	-1	-1	-1	-1	-1	-9999	0
89.399720	27.442220	2400	5.14	0.12	6.1	0.4	6.5	0.39	-9999	0	-9999	0	-9999	0	-9999	0	-9999	0	-1	-1	-1	-1	-1	-1	-1	-1	-1	-1	-1	-1	-1	-1	-1	-1	-1	-9999	0
89.459331	26.907234	1751	3.73	0.69	5.58	1.05	9.74	1.07	-9999	0	-9999	0	-9999	0	-9999	0	-9999	0	-1	-1	-1	-1	-1	-1	-1	-1	-1	-1	-1	-1	-1	-1	-1	-1	-1	-9999	0
89.695204	27.441718	2524	-9999	0	2.6	0.6	-9999	0	-9999	0	-9999	0	-9999	0	-9999	0	-9999	0	-1	-1	-1	-1	-1	-1	-1	-1	-1	-1	-1	-1	-1	-1	-1	-1	-1	-9999	0
89.748838	27.490287	3113	5.45	0.8	4.1	0.7	-9999	0	-9999	0	-9999	0	-9999	0	-9999	0	-9999	0	-1	-1	-1	-1	-1	-1	-1	-1	-1	-1	-1	-1	-1	-1	-1	-1	-1	-9999	0
89.796000	27.512400	1953	2.89	0.22	3.7	0.7	-9999	0	-9999	0	-9999	0	-9999	0	-9999	0	-9999	0	-1	-1	-1	-1	-1	-1	-1	-1	-1	-1	-1	-1	-1	-1	-1	-1	-1	-9999	0
89.609565	28.06222	4248	-9999	0	4.54	0.6	-9999	0	-9999	0	-9999	0	-9999	0	-9999	0	-9999	0	-1	-1	-1	-1	-1	-1	-1	-1	-1	-1	-1	-1	-1	-1	-1	-1	-1	-9999	0
89.805783	28.1714	4400	4.60	1.35	5.31	0.41	8.67	0.31	-9999	0	-9999	0	-9999	0	-9999	0	-9999	0	-1	-1	-1	-1	-1	-1	-1	-1	-1	-1	-1	-1	-1	-1	-1	-1	-1	-9999	0
89.29044	27.69862	3540	-9999	0	3.88	0.39	-9999	0	-9999	0	-9999	0	-9999	0	-9999	0	-9999	0	-1	-1	-1	-1	-1	-1	-1	-1	-1	-1	-1	-1	-1	-1	-1	-1	-1	-9999	0
89.55855	28.03493	5008	-9999	0	3.94	0.46	-9999	0	-9999	0	-9999	0	-9999	0	-9999	0	-9999	0	-1	-1	-1	-1	-1	-1	-1	-1	-1	-1	-1	-1	-1	-1	-1	-1	-1	-9999	0
89.56281	28.04786	4720	-9999	0	4.19	0.28	-9999	0	-9999	0	-9999	0	-9999	0	-9999	0	-9999	0	-1	-1	-1	-1	-1	-1	-1	-1	-1	-1	-1	-1	-1	-1	-1	-1	-1	-9999	0
89.58826	28.06487	4145	3.22	0.45	3.62	0.27	-9999	0	-9999	0	-9999	0	-9999	0	-9999	0	-9999	0	-1	-1	-1	-1	-1	-1	-1	-1	-1	-1	-1	-1	-1	-1	-1	-1	-1	-9999	0
89.54175	27.152	2282	-9999	0	-9999	0	8.04	0.19	-9999	0	-9999	0	-9999	0	-9999	0	-9999	0	-1	-1	-1	-1	-1	-1	-1	-1	-1	-1	-1	-1	-1	-1	-1	-1	-1	-9999	0
89.46922	26.91692	1871	-9999	0	-9999	0	9.12	0.26	-9999	0	-9999	0	-9999	0	-9999	0	-9999	0	-1	-1	-1	-1	-1	-1	-1	-1	-1	-1	-1	-1	-1	-1	-1	-1	-1	-9999	0
89.2008333333333	26.8951944444444	1528	-9999	0	-9999	0	8.58	0.12	-9999	0	-9999	0	-9999	0	-9999	0	-9999	0	-1	-1	-1	-1	-1	-1	-1	-1	-1	-1	-1	-1	-1	-1	-1	-1	-1	-9999	0
 89.722200	 28.072933	3773	-9999	0	-9999	0	10.44	0.61	-9999	0	-9999	0	-9999	0	-9999	0	-9999	0	-1	-1	-1	-1	-1	-1	-1	-1	-1	-1	-1	-1	-1	-1	-1	-1	-1	-9999	0
89.62974	28.06862	3795	-9999	0	4.84	0.52	-9999	0	-9999	0	-9999	0	-9999	0	-9999	0	-9999	0	-1	-1	-1	-1	-1	-1	-1	-1	-1	-1	-1	-1	-1	-1	-1	-1	-1	-9999	0
89.4090610	26.862183	701	-9999	0	2.39	0.58	-9999	0	-9999	0	-9999	0	-9999	0	-9999	0	-9999	0	-1	-1	-1	-1	-1	-1	-1	-1	-1	-1	-1	-1	-1	-1	-1	-1	-1	-9999	0
89.4351804256	26.891505718	1250	-9999	0	6.09	1.5	-9999	0	-9999	0	-9999	0	-9999	0	-9999	0	-9999	0	-1	-1	-1	-1	-1	-1	-1	-1	-1	-1	-1	-1	-1	-1	-1	-1	-1	-9999	0
89.548500	 27.314600	2121	6.02	0.26	6.25	0.44	-9999	0	-9999	0	-9999	0	-9999	0	-9999	0	-9999	0	-1	-1	-1	-1	-1	-1	-1	-1	-1	-1	-1	-1	-1	-1	-1	-1	-1	-9999	0
89.806450	 27.785383	3086	-9999	0	2.34	0.29	-9999	0	-9999	0	-9999	0	-9999	0	-9999	0	-9999	0	-1	-1	-1	-1	-1	-1	-1	-1	-1	-1	-1	-1	-1	-1	-1	-1	-1	-9999	0
89.409061	26.862183	650	-9999	0	2.5	0.56	6.5	0.86	-9999	0	-9999	0	-9999	0	-9999	0	-9999	0	-1	-1	-1	-1	-1	-1	-1	-1	-1	-1	-1	-1	-1	-1	-1	-1	-1	-9999	0
89.557211	 27.065828	1539	-9999	0	5.95	0.56	-9999	0	-9999	0	-9999	0	-9999	0	-9999	0	-9999	0	-1	-1	-1	-1	-1	-1	-1	-1	-1	-1	-1	-1	-1	-1	-1	-1	-1	-9999	0
89.574151	27.027369	1864	4.91	0.47	6.55	0.77	7.74	0.44	-9999	0	-9999	0	-9999	0	-9999	0	-9999	0	-1	-1	-1	-1	-1	-1	-1	-1	-1	-1	-1	-1	-1	-1	-1	-1	-1	-9999	0
89.762600	27.490767	2852	6.49	1.21	-9999	0	-9999	0	-9999	0	-9999	0	-9999	0	-9999	0	-9999	0	-1	-1	-1	-1	-1	-1	-1	-1	-1	-1	-1	-1	-1	-1	-1	-1	-1	-9999	0
89.689550	 28.109461	3874	2.56	0.3	-9999	0	-9999	0	-9999	0	-9999	0	-9999	0	-9999	0	-9999	0	-1	-1	-1	-1	-1	-1	-1	-1	-1	-1	-1	-1	-1	-1	-1	-1	-1	-9999	0
